10 4 2 1 7 5 11 8 3 9 6 
1 10 5 2 8 4 6 11 9 3 7 
1 7 3 4 11 9 5 10 2 6 8 
5 7 6 3 10 11 9 8 1 4 2 
4 6 10 9 11 5 7 8 1 3 2 
11 3 2 9 8 7 5 6 10 4 1 
10 2 11 6 3 9 1 7 8 4 5 
2 4 8 1 9 6 3 7 5 11 10 
11 7 3 2 8 6 9 1 5 4 10 
2 6 9 4 8 1 3 10 7 5 11 
11 7 1 3 2 9 8 6 4 5 10 
8 6 5 9 10 4 1 2 3 11 7 
2 11 9 5 8 4 10 6 1 7 3 
4 11 8 6 3 10 1 5 2 7 9 
2 6 7 11 4 9 3 8 1 5 10 
7 5 6 9 3 2 4 11 1 8 10 
2 3 6 11 1 5 9 8 10 7 4 
4 10 7 6 1 3 8 9 2 5 11 
7 5 6 11 10 1 2 4 8 9 3 
2 9 5 11 10 8 6 7 4 3 1 
6 1 5 7 2 3 11 10 9 4 8 
11 5 9 10 8 1 4 2 3 7 6 
5 3 4 1 2 6 10 11 8 9 7 
4 1 2 3 10 11 5 6 7 8 9 
10 2 11 6 3 9 1 7 8 4 5 
11 7 4 6 9 3 1 10 5 2 8 
4 1 8 7 10 5 2 3 9 6 11 
3 8 2 1 5 7 9 10 4 11 6 
5 9 6 1 8 11 3 7 4 2 10 
1 2 5 10 11 4 9 7 3 8 6 
6 1 7 8 3 4 10 2 11 9 5 
9 3 5 4 11 7 10 6 2 1 8 
11 8 5 1 2 10 6 3 7 4 9 
10 5 11 8 9 4 7 1 2 3 6 
11 9 6 7 5 10 8 4 2 1 3 
11 1 4 5 3 8 7 9 10 6 2 
11 6 9 7 5 3 1 4 2 10 8 
11 6 10 2 7 4 1 9 8 3 5 
6 1 7 3 2 11 8 10 4 5 9 
7 11 5 4 6 2 9 1 3 10 8 
2 9 4 5 7 11 8 10 3 6 1 
7 1 3 5 2 9 10 4 11 6 8 
